rank=1 id=0 batch=[2, 33] batch_to_yield=[]
rank=1 id=1 batch=[6, 17] batch_to_yield=[]
self.process_index rank=1 id=1 batch=[6, 17] batch_to_yield=[6, 17]
before_yeild rank=1 id=1 batch_to_yield=[6, 17]
rank=1 index=[6, 17]-> data={'input_ids': tensor([[    1,     1,   518, 25580, 29962,  1128,   881,   306,  2602,   590,
           560, 29890,  1242,  2645,   652,   567, 29973,   518, 29914, 25580,
         29962,  1932,  2599,   652,   567, 29892,  3013,   596,   560, 29890,
          1242,  3802,   304,   596,  3573,   322, 26148,   472,   263, 29871,
         29946, 29945, 29899, 12163,   929, 10696, 29889, 27723,  7535,  2745,
           596,   560, 29890,  1242,   526,   472, 23468,  3233, 29892,   541,
          1016, 29915, 29873,  1235,   963, 28191,  2400,   596, 26671, 29889,
         29871,     2],
        [    1,     1,   518, 25580, 29962,  1724,   881,   590,   560, 17729,
          2602,   367,  2645, 26702, 11051, 29879, 29973,   518, 29914, 25580,
         29962,  1932, 15859, 26702, 11051, 29879, 29892,  3013,   596,   560,
         17729, 15385,  2750,   596,  6426,   266,  1141, 29889,   910,  6911,
         16160,   675,   596,  5075,   322,  6511,   366,   304,  8569,   373,
          8078,   292,   596,   289,   625,   567, 29889, 29871,     2,     2,
             2,     2,     2,     2,     2,     2,     2,     2,     2,     2,
             2,     2]]), 'attention_mask': tensor([[1, 1, 1, 1, 1, 1, 1, 1, 1, 1, 1, 1, 1, 1, 1, 1, 1, 1, 1, 1, 1, 1, 1, 1,
         1, 1, 1, 1, 1, 1, 1, 1, 1, 1, 1, 1, 1, 1, 1, 1, 1, 1, 1, 1, 1, 1, 1, 1,
         1, 1, 1, 1, 1, 1, 1, 1, 1, 1, 1, 1, 1, 1, 1, 1, 1, 1, 1, 1, 1, 1, 1, 1],
        [1, 1, 1, 1, 1, 1, 1, 1, 1, 1, 1, 1, 1, 1, 1, 1, 1, 1, 1, 1, 1, 1, 1, 1,
         1, 1, 1, 1, 1, 1, 1, 1, 1, 1, 1, 1, 1, 1, 1, 1, 1, 1, 1, 1, 1, 1, 1, 1,
         1, 1, 1, 1, 1, 1, 1, 1, 1, 1, 1, 0, 0, 0, 0, 0, 0, 0, 0, 0, 0, 0, 0, 0]]), 'labels': tensor([[    1,     1,   518, 25580, 29962,  1128,   881,   306,  2602,   590,
           560, 29890,  1242,  2645,   652,   567, 29973,   518, 29914, 25580,
         29962,  1932,  2599,   652,   567, 29892,  3013,   596,   560, 29890,
          1242,  3802,   304,   596,  3573,   322, 26148,   472,   263, 29871,
         29946, 29945, 29899, 12163,   929, 10696, 29889, 27723,  7535,  2745,
           596,   560, 29890,  1242,   526,   472, 23468,  3233, 29892,   541,
          1016, 29915, 29873,  1235,   963, 28191,  2400,   596, 26671, 29889,
         29871,  -100],
        [    1,     1,   518, 25580, 29962,  1724,   881,   590,   560, 17729,
          2602,   367,  2645, 26702, 11051, 29879, 29973,   518, 29914, 25580,
         29962,  1932, 15859, 26702, 11051, 29879, 29892,  3013,   596,   560,
         17729, 15385,  2750,   596,  6426,   266,  1141, 29889,   910,  6911,
         16160,   675,   596,  5075,   322,  6511,   366,   304,  8569,   373,
          8078,   292,   596,   289,   625,   567, 29889, 29871,  -100,  -100,
          -100,  -100,  -100,  -100,  -100,  -100,  -100,  -100,  -100,  -100,
          -100,  -100]])}
rank=1 id=2 batch=[40, 57] batch_to_yield=[]
rank=1 id=3 batch=[54, 18] batch_to_yield=[]
self.process_index rank=1 id=3 batch=[54, 18] batch_to_yield=[54, 18]
before_yeild rank=1 id=3 batch_to_yield=[54, 18]
  0%|                                                                                                                      | 0/15 [00:00<?, ?it/s]rank=1 index=[54, 18]-> data={'input_ids': tensor([[    1,     1,   518, 25580, 29962,  1724,   380,  2267,  6609,  1371,
          6507,  7705,   375,   633, 24130,   275,   527,  5521,  2925, 29973,
           518, 29914, 25580, 29962,  1152,  7705,   375,   633, 24130,   275,
           527,  5521,  2925, 29892,  3804,  3700,  1623,   322,  2058,   596,
          6567,  1090,   596, 26671, 29889,   402,  2705,  3965,   596,  7568,
          3573,  3448,   515,   278,  5962, 29892, 12515,   596,   298,  4512,
           373,   278, 11904,   322,   596,  1250, 26681,   287, 29889, 29871,
             2],
        [    1,     1,   518, 25580, 29962,  1128,   881,   306,  2602,   590,
         26671,  2645, 21387,   534,   625, 29886, 17752, 29973,   518, 29914,
         25580, 29962,  1932,  2599, 21387,   534,   625, 29886, 17752, 29892,
          3013,   596, 26671,  1623,   322,  1250, 29889,  5254,   278,  2594,
          1623,  1550, 12515,   596,   560, 29890,  1242,  3802,   304,   596,
          3573, 29892, 12789,  4746,   373,  8078,   292,   596,   534,   625,
           567, 29889, 29871,     2,     2,     2,     2,     2,     2,     2,
             2]]), 'attention_mask': tensor([[1, 1, 1, 1, 1, 1, 1, 1, 1, 1, 1, 1, 1, 1, 1, 1, 1, 1, 1, 1, 1, 1, 1, 1,
         1, 1, 1, 1, 1, 1, 1, 1, 1, 1, 1, 1, 1, 1, 1, 1, 1, 1, 1, 1, 1, 1, 1, 1,
         1, 1, 1, 1, 1, 1, 1, 1, 1, 1, 1, 1, 1, 1, 1, 1, 1, 1, 1, 1, 1, 1, 1],
        [1, 1, 1, 1, 1, 1, 1, 1, 1, 1, 1, 1, 1, 1, 1, 1, 1, 1, 1, 1, 1, 1, 1, 1,
         1, 1, 1, 1, 1, 1, 1, 1, 1, 1, 1, 1, 1, 1, 1, 1, 1, 1, 1, 1, 1, 1, 1, 1,
         1, 1, 1, 1, 1, 1, 1, 1, 1, 1, 1, 1, 1, 1, 1, 1, 0, 0, 0, 0, 0, 0, 0]]), 'labels': tensor([[    1,     1,   518, 25580, 29962,  1724,   380,  2267,  6609,  1371,
          6507,  7705,   375,   633, 24130,   275,   527,  5521,  2925, 29973,
           518, 29914, 25580, 29962,  1152,  7705,   375,   633, 24130,   275,
           527,  5521,  2925, 29892,  3804,  3700,  1623,   322,  2058,   596,
          6567,  1090,   596, 26671, 29889,   402,  2705,  3965,   596,  7568,
          3573,  3448,   515,   278,  5962, 29892, 12515,   596,   298,  4512,
           373,   278, 11904,   322,   596,  1250, 26681,   287, 29889, 29871,
          -100],
        [    1,     1,   518, 25580, 29962,  1128,   881,   306,  2602,   590,
         26671,  2645, 21387,   534,   625, 29886, 17752, 29973,   518, 29914,
         25580, 29962,  1932,  2599, 21387,   534,   625, 29886, 17752, 29892,
          3013,   596, 26671,  1623,   322,  1250, 29889,  5254,   278,  2594,
          1623,  1550, 12515,   596,   560, 29890,  1242,  3802,   304,   596,
          3573, 29892, 12789,  4746,   373,  8078,   292,   596,   534,   625,
           567, 29889, 29871,  -100,  -100,  -100,  -100,  -100,  -100,  -100,
          -100]])}
rank=0 id=0 batch=[2, 33] batch_to_yield=[]
self.process_index rank=0 id=0 batch=[2, 33] batch_to_yield=[2, 33]
rank=0 id=1 batch=[6, 17] batch_to_yield=[2, 33]
before_yeild rank=0 id=1 batch_to_yield=[2, 33]
rank=0 index=[2, 33]-> data={'input_ids': tensor([[    1,     1,   518, 25580, 29962,  1724,   881,   306,   367,  3458,
          1319,   310,   746, 15859,  7123, 29880, 17741, 29973,   518, 29914,
         25580, 29962,  1932,  7123, 29880, 24377, 29892,  2317,   411,   596,
          6900, 23468, 29899,  2103, 12435, 29892,   304,   267, 11520, 10029,
           714,  1328, 29889, 19152,   596,  1250,  7812, 29892,  3033,   482,
           596,  7136, 29892,   322, 13777,   278,  7688,   773,   596,  2814,
          2301,  7799, 29892,   451,   596,  5224,  1250, 29889, 29871,     2],
        [    1,     1,   518, 25580, 29962,  1128,   881,   306,  4337,   590,
         26671,  2645,   270,   398,  1327,   514,   528,   582,  3174, 29973,
           518, 29914, 25580, 29962,  1932, 15859,   270,   398,  1327,   514,
           528,   582,  3174, 29892,  8569,   373, 11747,  1259,   596, 26671,
          7812,   701,  7113,   596, 22827, 29889, 21771,   278,  2246,  2602,
         23359,  1434,  5224,   292,   278, 18177,  1250,  1623, 29889, 29871,
             2,     2,     2,     2,     2,     2,     2,     2,     2,     2]]), 'attention_mask': tensor([[1, 1, 1, 1, 1, 1, 1, 1, 1, 1, 1, 1, 1, 1, 1, 1, 1, 1, 1, 1, 1, 1, 1, 1,
         1, 1, 1, 1, 1, 1, 1, 1, 1, 1, 1, 1, 1, 1, 1, 1, 1, 1, 1, 1, 1, 1, 1, 1,
         1, 1, 1, 1, 1, 1, 1, 1, 1, 1, 1, 1, 1, 1, 1, 1, 1, 1, 1, 1, 1, 1],
        [1, 1, 1, 1, 1, 1, 1, 1, 1, 1, 1, 1, 1, 1, 1, 1, 1, 1, 1, 1, 1, 1, 1, 1,
         1, 1, 1, 1, 1, 1, 1, 1, 1, 1, 1, 1, 1, 1, 1, 1, 1, 1, 1, 1, 1, 1, 1, 1,
         1, 1, 1, 1, 1, 1, 1, 1, 1, 1, 1, 1, 1, 0, 0, 0, 0, 0, 0, 0, 0, 0]]), 'labels': tensor([[    1,     1,   518, 25580, 29962,  1724,   881,   306,   367,  3458,
          1319,   310,   746, 15859,  7123, 29880, 17741, 29973,   518, 29914,
         25580, 29962,  1932,  7123, 29880, 24377, 29892,  2317,   411,   596,
          6900, 23468, 29899,  2103, 12435, 29892,   304,   267, 11520, 10029,
           714,  1328, 29889, 19152,   596,  1250,  7812, 29892,  3033,   482,
           596,  7136, 29892,   322, 13777,   278,  7688,   773,   596,  2814,
          2301,  7799, 29892,   451,   596,  5224,  1250, 29889, 29871,  -100],
        [    1,     1,   518, 25580, 29962,  1128,   881,   306,  4337,   590,
         26671,  2645,   270,   398,  1327,   514,   528,   582,  3174, 29973,
           518, 29914, 25580, 29962,  1932, 15859,   270,   398,  1327,   514,
           528,   582,  3174, 29892,  8569,   373, 11747,  1259,   596, 26671,
          7812,   701,  7113,   596, 22827, 29889, 21771,   278,  2246,  2602,
         23359,  1434,  5224,   292,   278, 18177,  1250,  1623, 29889, 29871,
          -100,  -100,  -100,  -100,  -100,  -100,  -100,  -100,  -100,  -100]])}
rank=0 id=2 batch=[40, 57] batch_to_yield=[]
self.process_index rank=0 id=2 batch=[40, 57] batch_to_yield=[40, 57]
rank=0 id=3 batch=[54, 18] batch_to_yield=[40, 57]
before_yeild rank=0 id=3 batch_to_yield=[40, 57]
rank=0 index=[40, 57]-> data={'input_ids': tensor([[    1,     1,   518, 25580, 29962,  1724,   380,  2267,  6609,   508,
          1371, 11157, 23468,   527,  5521,  2925,   518, 29914, 25580, 29962,
          1763,  3211, 23468,   527,  5521,  2925, 29892,  1018,   263, 10090,
         16116, 29889, 15484,   697,  5075,  2750,   263, 10090, 29892, 26148,
           472,   263, 29871, 29929, 29900, 29899, 12163,   929, 10696, 29889,
           317,   677,   368, 16734,   596,  3573,  3448,   515,   278, 10090,
         29892, 13587,   278, 16116,   297,   278,  1250,   310,   596, 23468,
         29889, 29871,     2,     2,     2,     2,     2,     2,     2,     2,
             2,     2,     2,     2,     2,     2,     2,     2,     2,     2,
             2,     2,     2,     2,     2,     2,     2,     2,     2,     2,
             2,     2,     2,     2,     2,     2,     2,     2,     2,     2,
             2,     2,     2,     2,     2,     2,     2,     2,     2,     2,
             2,     2,     2,     2,     2,     2,     2,     2,     2,     2],
        [    1,     1,   518, 25580, 29962,  1128,   881,   306,  3829,   590,
          7688,  6694, 26529,   363,  7688,  6410, 29973,   518, 29914, 25580,
         29962,  1932,  2281,  3864,   596,  7688,  6694, 26529,   363,  7688,
          6410, 29892,  8569,   373,   752,   618, 24472,  3476,   267,   393,
          3646,  2999,  2301,  2841,  6471,   472,  2748, 29892,  1316,   408,
         10674,  1446, 29892,  7123, 29880, 17741, 29892,  3856,   305,  3965,
           267, 29892,   322,  9121,  3965,   267, 29889, 27313, 29871, 29906,
         29899, 29941,  6166,   310, 29871, 29947, 29899, 29896, 29906,   337,
           567,   363,  1269, 15058, 29892,   322, 12242,   304, 22020,  7910,
           278,  7688,   322, 26171,   975,   931, 29889,   512,  2616,  1971,
           403,  7688,  6694, 21396, 29871, 29906, 29899, 29941,  3064,   639,
          4723, 29892,   322,   367,  1854,   304,  2758,   363, 19967,   339,
           403,  1791,   322, 24205,  1546,   664, 17718, 29889, 29871,     2]]), 'attention_mask': tensor([[1, 1, 1, 1, 1, 1, 1, 1, 1, 1, 1, 1, 1, 1, 1, 1, 1, 1, 1, 1, 1, 1, 1, 1,
         1, 1, 1, 1, 1, 1, 1, 1, 1, 1, 1, 1, 1, 1, 1, 1, 1, 1, 1, 1, 1, 1, 1, 1,
         1, 1, 1, 1, 1, 1, 1, 1, 1, 1, 1, 1, 1, 1, 1, 1, 1, 1, 1, 1, 1, 1, 1, 1,
         1, 0, 0, 0, 0, 0, 0, 0, 0, 0, 0, 0, 0, 0, 0, 0, 0, 0, 0, 0, 0, 0, 0, 0,
         0, 0, 0, 0, 0, 0, 0, 0, 0, 0, 0, 0, 0, 0, 0, 0, 0, 0, 0, 0, 0, 0, 0, 0,
         0, 0, 0, 0, 0, 0, 0, 0, 0, 0],
        [1, 1, 1, 1, 1, 1, 1, 1, 1, 1, 1, 1, 1, 1, 1, 1, 1, 1, 1, 1, 1, 1, 1, 1,
         1, 1, 1, 1, 1, 1, 1, 1, 1, 1, 1, 1, 1, 1, 1, 1, 1, 1, 1, 1, 1, 1, 1, 1,
         1, 1, 1, 1, 1, 1, 1, 1, 1, 1, 1, 1, 1, 1, 1, 1, 1, 1, 1, 1, 1, 1, 1, 1,
         1, 1, 1, 1, 1, 1, 1, 1, 1, 1, 1, 1, 1, 1, 1, 1, 1, 1, 1, 1, 1, 1, 1, 1,
         1, 1, 1, 1, 1, 1, 1, 1, 1, 1, 1, 1, 1, 1, 1, 1, 1, 1, 1, 1, 1, 1, 1, 1,
         1, 1, 1, 1, 1, 1, 1, 1, 1, 1]]), 'labels': tensor([[    1,     1,   518, 25580, 29962,  1724,   380,  2267,  6609,   508,
          1371, 11157, 23468,   527,  5521,  2925,   518, 29914, 25580, 29962,
          1763,  3211, 23468,   527,  5521,  2925, 29892,  1018,   263, 10090,
         16116, 29889, 15484,   697,  5075,  2750,   263, 10090, 29892, 26148,
           472,   263, 29871, 29929, 29900, 29899, 12163,   929, 10696, 29889,
           317,   677,   368, 16734,   596,  3573,  3448,   515,   278, 10090,
         29892, 13587,   278, 16116,   297,   278,  1250,   310,   596, 23468,
         29889, 29871,  -100,  -100,  -100,  -100,  -100,  -100,  -100,  -100,
          -100,  -100,  -100,  -100,  -100,  -100,  -100,  -100,  -100,  -100,
          -100,  -100,  -100,  -100,  -100,  -100,  -100,  -100,  -100,  -100,
          -100,  -100,  -100,  -100,  -100,  -100,  -100,  -100,  -100,  -100,
          -100,  -100,  -100,  -100,  -100,  -100,  -100,  -100,  -100,  -100,
          -100,  -100,  -100,  -100,  -100,  -100,  -100,  -100,  -100,  -100],
        [    1,     1,   518, 25580, 29962,  1128,   881,   306,  3829,   590,
          7688,  6694, 26529,   363,  7688,  6410, 29973,   518, 29914, 25580,
         29962,  1932,  2281,  3864,   596,  7688,  6694, 26529,   363,  7688,
          6410, 29892,  8569,   373,   752,   618, 24472,  3476,   267,   393,
          3646,  2999,  2301,  2841,  6471,   472,  2748, 29892,  1316,   408,
         10674,  1446, 29892,  7123, 29880, 17741, 29892,  3856,   305,  3965,
           267, 29892,   322,  9121,  3965,   267, 29889, 27313, 29871, 29906,
         29899, 29941,  6166,   310, 29871, 29947, 29899, 29896, 29906,   337,
           567,   363,  1269, 15058, 29892,   322, 12242,   304, 22020,  7910,
           278,  7688,   322, 26171,   975,   931, 29889,   512,  2616,  1971,
           403,  7688,  6694, 21396, 29871, 29906, 29899, 29941,  3064,   639,
          4723, 29892,   322,   367,  1854,   304,  2758,   363, 19967,   339,
           403,  1791,   322, 24205,  1546,   664, 17718, 29889, 29871,  -100]])}
[rank1]:[W reducer.cpp:1389] Warning: find_unused_parameters=True was specified in DDP constructor, but did not find any unused parameters in the forward pass. This flag results in an extra traversal of the autograd graph every iteration,  which can adversely affect performance. If your model indeed never has any unused parameters in the forward pass, consider turning this flag off. Note that this warning may be a false positive if your model has flow control causing later iterations to have unused parameters. (function operator())
[rank0]:[W reducer.cpp:1389] Warning: find_unused_parameters=True was specified in DDP constructor, but did not find any unused parameters in the forward pass. This flag results in an extra traversal of the autograd graph every iteration,  which can adversely affect performance. If your model indeed never has any unused parameters in the forward pass, consider turning this flag off. Note that this warning may be a false positive if your model has flow control causing later iterations to have unused parameters. (function operator())
rank=1 loss=2.4355273246765137-> inputs={'input_ids': tensor([[    1,     1,   518, 25580, 29962,  1128,   881,   306,  2602,   590,
           560, 29890,  1242,  2645,   652,   567, 29973,   518, 29914, 25580,
         29962,  1932,  2599,   652,   567, 29892,  3013,   596,   560, 29890,
          1242,  3802,   304,   596,  3573,   322, 26148,   472,   263, 29871,
         29946, 29945, 29899, 12163,   929, 10696, 29889, 27723,  7535,  2745,
           596,   560, 29890,  1242,   526,   472, 23468,  3233, 29892,   541,
          1016, 29915, 29873,  1235,   963, 28191,  2400,   596, 26671, 29889,
         29871,     2],
        [    1,     1,   518, 25580, 29962,  1724,   881,   590,   560, 17729,
          2602,   367,  2645, 26702, 11051, 29879, 29973,   518, 29914, 25580,
         29962,  1932, 15859, 26702, 11051, 29879, 29892,  3013,   596,   560,
         17729, 15385,  2750,   596,  6426,   266,  1141, 29889,   910,  6911,
         16160,   675,   596,  5075,   322,  6511,   366,   304,  8569,   373,
          8078,   292,   596,   289,   625,   567, 29889, 29871,     2,     2,
             2,     2,     2,     2,     2,     2,     2,     2,     2,     2,
             2,     2]], device='cuda:1'), 'attention_mask': tensor([[1, 1, 1, 1, 1, 1, 1, 1, 1, 1, 1, 1, 1, 1, 1, 1, 1, 1, 1, 1, 1, 1, 1, 1,
         1, 1, 1, 1, 1, 1, 1, 1, 1, 1, 1, 1, 1, 1, 1, 1, 1, 1, 1, 1, 1, 1, 1, 1,
         1, 1, 1, 1, 1, 1, 1, 1, 1, 1, 1, 1, 1, 1, 1, 1, 1, 1, 1, 1, 1, 1, 1, 1],
        [1, 1, 1, 1, 1, 1, 1, 1, 1, 1, 1, 1, 1, 1, 1, 1, 1, 1, 1, 1, 1, 1, 1, 1,
         1, 1, 1, 1, 1, 1, 1, 1, 1, 1, 1, 1, 1, 1, 1, 1, 1, 1, 1, 1, 1, 1, 1, 1,
         1, 1, 1, 1, 1, 1, 1, 1, 1, 1, 1, 0, 0, 0, 0, 0, 0, 0, 0, 0, 0, 0, 0, 0]],
       device='cuda:1'), 'labels': tensor([[    1,     1,   518, 25580, 29962,  1128,   881,   306,  2602,   590,
           560, 29890,  1242,  2645,   652,   567, 29973,   518, 29914, 25580,
         29962,  1932,  2599,   652,   567, 29892,  3013,   596,   560, 29890,
          1242,  3802,   304,   596,  3573,   322, 26148,   472,   263, 29871,
         29946, 29945, 29899, 12163,   929, 10696, 29889, 27723,  7535,  2745,
           596,   560, 29890,  1242,   526,   472, 23468,  3233, 29892,   541,
          1016, 29915, 29873,  1235,   963, 28191,  2400,   596, 26671, 29889,
         29871,  -100],
        [    1,     1,   518, 25580, 29962,  1724,   881,   590,   560, 17729,
          2602,   367,  2645, 26702, 11051, 29879, 29973,   518, 29914, 25580,
         29962,  1932, 15859, 26702, 11051, 29879, 29892,  3013,   596,   560,
         17729, 15385,  2750,   596,  6426,   266,  1141, 29889,   910,  6911,
         16160,   675,   596,  5075,   322,  6511,   366,   304,  8569,   373,
          8078,   292,   596,   289,   625,   567, 29889, 29871,  -100,  -100,
          -100,  -100,  -100,  -100,  -100,  -100,  -100,  -100,  -100,  -100,
          -100,  -100]], device='cuda:1')} length=2
rank=0 loss=2.3874714374542236-> inputs={'input_ids': tensor([[    1,     1,   518, 25580, 29962,  1724,   881,   306,   367,  3458,
          1319,   310,   746, 15859,  7123, 29880, 17741, 29973,   518, 29914,
         25580, 29962,  1932,  7123, 29880, 24377, 29892,  2317,   411,   596,
          6900, 23468, 29899,  2103, 12435, 29892,   304,   267, 11520, 10029,
           714,  1328, 29889, 19152,   596,  1250,  7812, 29892,  3033,   482,
           596,  7136, 29892,   322, 13777,   278,  7688,   773,   596,  2814,
          2301,  7799, 29892,   451,   596,  5224,  1250, 29889, 29871,     2],
        [    1,     1,   518, 25580, 29962,  1128,   881,   306,  4337,   590,
         26671,  2645,   270,   398,  1327,   514,   528,   582,  3174, 29973,
           518, 29914, 25580, 29962,  1932, 15859,   270,   398,  1327,   514,
           528,   582,  3174, 29892,  8569,   373, 11747,  1259,   596, 26671,
          7812,   701,  7113,   596, 22827, 29889, 21771,   278,  2246,  2602,
         23359,  1434,  5224,   292,   278, 18177,  1250,  1623, 29889, 29871,
             2,     2,     2,     2,     2,     2,     2,     2,     2,     2]],
       device='cuda:0'), 'attention_mask': tensor([[1, 1, 1, 1, 1, 1, 1, 1, 1, 1, 1, 1, 1, 1, 1, 1, 1, 1, 1, 1, 1, 1, 1, 1,
         1, 1, 1, 1, 1, 1, 1, 1, 1, 1, 1, 1, 1, 1, 1, 1, 1, 1, 1, 1, 1, 1, 1, 1,
         1, 1, 1, 1, 1, 1, 1, 1, 1, 1, 1, 1, 1, 1, 1, 1, 1, 1, 1, 1, 1, 1],
        [1, 1, 1, 1, 1, 1, 1, 1, 1, 1, 1, 1, 1, 1, 1, 1, 1, 1, 1, 1, 1, 1, 1, 1,
         1, 1, 1, 1, 1, 1, 1, 1, 1, 1, 1, 1, 1, 1, 1, 1, 1, 1, 1, 1, 1, 1, 1, 1,
         1, 1, 1, 1, 1, 1, 1, 1, 1, 1, 1, 1, 1, 0, 0, 0, 0, 0, 0, 0, 0, 0]],
       device='cuda:0'), 'labels': tensor([[    1,     1,   518, 25580, 29962,  1724,   881,   306,   367,  3458,
          1319,   310,   746, 15859,  7123, 29880, 17741, 29973,   518, 29914,
         25580, 29962,  1932,  7123, 29880, 24377, 29892,  2317,   411,   596,
          6900, 23468, 29899,  2103, 12435, 29892,   304,   267, 11520, 10029,
           714,  1328, 29889, 19152,   596,  1250,  7812, 29892,  3033,   482,
           596,  7136, 29892,   322, 13777,   278,  7688,   773,   596,  2814,
          2301,  7799, 29892,   451,   596,  5224,  1250, 29889, 29871,  -100],
        [    1,     1,   518, 25580, 29962,  1128,   881,   306,  4337,   590,
         26671,  2645,   270,   398,  1327,   514,   528,   582,  3174, 29973,
           518, 29914, 25580, 29962,  1932, 15859,   270,   398,  1327,   514,
           528,   582,  3174, 29892,  8569,   373, 11747,  1259,   596, 26671,
          7812,   701,  7113,   596, 22827, 29889, 21771,   278,  2246,  2602,
         23359,  1434,  5224,   292,   278, 18177,  1250,  1623, 29889, 29871,
          -100,  -100,  -100,  -100,  -100,  -100,  -100,  -100,  -100,  -100]],
       device='cuda:0')} length=2